1472742009672769543
1472742009609887744
1472742009584553985
1472742008787816455
1472742008527622146
1472742008464699393
1472742008083169283
1472742007730753541
1472742007390892035
1472742007349129221
1472742007315435521
1472742007307177987
1472742006703083520
1472742006204076034
1472742006195736583
1472742005889511428
1472742005830676480
1472742005511901185
1472742005474267137
1472742004899647488
1472742004836683782
1472742004417351681
1472742004236955648
1472742004077604864
1472742004006260737
1472742003733639169
1472742003569872896
1472742003154825220
1472742002785763332
1472742002550706180
1472742002487963650
1472742002303197188
1472742002089357315
1472742001841901568
1472742001724563461
1472742001716056067
1472742001510469632
1472742001460215810
1472742001430994956
1472742001175109632
1472742000902479874
1472742000436916227
1472742000306884617
1472741999996407808
1472741999417585669
1472741999371501579
1472741999363112963
1472741999308591108
1472741999254151171
1472741999166038017
1472741998666784770
1472741998373314565
1472741998369124357
1472741998335610880
1472741997496750090
1472741996859203588
1472741996632682496
1472741996615794689
1472741996309753857
1472741996225867777
1472741996200607750
1472741995487633416
1472741995412172805
1472741995286257667
1472741995013718017
1472741994787217410
1472741994778677252
1472741994720075781
1472741994636189696
1472741994585899012
1472741994174763010
1472741994157981699
1472741994078343171
1472741993898033157
1472741992719335426
1472741992694124545
1472741992492797952
1472741992308396037
1472741992257961989
1472741992199245827
1472741992014753793
1472741991888814080
1472741991687487489
1472741991658115072
1472741991209320448
1472741991163252742
1472741991129784321
1472741990932660225
1472741990882230272
1472741990395695112
1472741990391595008
1472741990370627587
1472741990198611972
1472741989888270337
1472741989754064898
1472741989300985856
1472741989275820033
1472741988290252801
1472741988277571586
1472741988189589509
1472743506917695489
1472743506854752263
1472743506607316993
1472743506309312512
1472743505923616768
1472743505869119488
1472743505827188739
1472743505525100545
1472743505516711941
1472743505340608517
1472743505109962752
1472743505105719299
1472743504975695876
1472743504723992583
1472743504665317381
1472743504602304514
1472743504476581898
1472743504296255489
1472743504048635906
1472743503318896645
1472743502534557704
1472743502492549122
1472743502152970247
1472743502127808512
1472743501972574208
1472743501846749185
1472743501771075585
1472743501729206273
1472743501657894913
1472743501532053504
1472743501347672067
1472743501326544896
1472743501070745600
1472743500756230150
1472743500705931264
1472743500596723712
1472743500479447046
1472743500361961476
1472743500030648320
1472743499896586243
1472743499586224128
1472743499560751104
1472743499296563208
1472743499158142986
1472743499074351104
1472743499011350528
1472743498910773254
1472743498793328645
1472743498361278468
1472743498055049216
1472743497656676359
1472743497459507202
1472743497195266050
1472743497144930305
1472743496893313029
1472743496792494082
1472743496519864322
1472743495832150023
1472743495572066307
1472743495203016704
1472743495203012611
1472743495114924033
1472743494955548672
1472743494276030464
1472743494255099924
1472743493961404418
1472743493780996096
1472743493764149252
1472743493672095754
1472743492929662981
1472743492518621188
1472743491826380801
1472743491591491586
1472743491495157763
1472743491230916609
1472743491155345412
1472743491088363530
1472743490975158273
1472743490866008069
1472743490677194752
1472743490576650245
1472743490568085507
1472743490543140872
1472743490505383937
1472743490417307648
1472743490329194496
1472743490283098123
1472743490144587782
1472743490111090688
1472743489746001923
1472743489519734790
1472743489188335623
1472743488940818435
1472743488806604805
1472743488554881025
1472743488361955335
1472743488223682567
1472743488060116995
1472743487745703936
1472743487674232833
1472744148621004808
1472744148428070920
1472744148205768710
1472744147882815491
1472744147433836547
1472744147425529858
1472744147396308996
1472744147295424512
1472744147203334146
1472744146863796224
1472744146821603328
1472744146649575425
1472744146624565253
1472744146440015874
1472744146423197699
1472744146104307716
1472744145814908930
1472744145668259846
1472744145315840003
1472744145202655235
1472744144653197316
1472744144594522120
1472744144326037508
1472744144246300678
1472744144221188097
1472744144170729472
1472744143956942852
1472744143789203456
1472744143562682374
1472744143298260993
1472744143218569216
1472744142988062723
1472744142665142274
1472744142048481294
1472744141729714177
1472744141616517131
1472744141197041669
1472744141180207105
1472744141134057473
1472744141083840515
1472744140664451080
1472744140605509633
1472744140371034113
1472744140224012303
1472744140140068872
1472744140064673794
1472744139867439105
1472744139829784576
1472744139695529984
1472744139657781256
1472744139519311876
1472744139322060801
1472744138495995905
1472744138361778179
1472744138030432256
1472744138013655050
1472744136910381058
1472744136822431749
1472744136520392710
1472744135836647427
1472744135631245325
1472744135308103681
1472744134838341634
1472744134825979907
1472744134775648261
1472744134666559488
1472744134461038594
1472744134423232513
1472744134180065284
1472744134167482369
1472744133966110720
1472744133685129222
1472744133362024448
1472744133156433921
1472744132883795968
1472744132749807617
1472744132644724739
1472744132502331397
1472744132271558657
1472744132087103489
1472744131982245888
1472744131868905473
1472744131751563269
1472744131424407559
1472744131021705216
1472744130640060421
1472744130635698176
1472744130551980034
1472744130530926596
1472744130510036992
1472744130354696192
1472744130308497410
1472744129662791687
1472744129541152770
1472744129536794625
1472744129536790528
1472744129478201344
1472744129427816449
1472744129356611585
1472744129356464129
1472746032056385544
1472746031557140483
1472746031519522816
1472746031347601409
1472746030726889479
1472746030517084164
1472746030361976839
1472746030278103044
1472746030135402497
1472746030110330882
1472746030047404032
1472746030034829313
1472746029837688838
1472746029774557186
1472746029527093251
1472746029384675333
1472746029338431488
1472746029288235016
1472746028952604683
1472746028805861377
1472746028411461633
1472746028277321730
1472746028126248965
1472746027522404352
1472746027157540864
1472746026968784900
1472746026951979011
1472746026352230410
1472746026083786757
1472746026071207941
1472746026071064580
1472746025903394818
1472746025223819264
1472746025207037952
1472746025194602498
1472746025085460482
1472746024879886338
1472746024829689860
1472746024624136197
1472746024557027335
1472746024380870660
1472746024288587777
1472746023827214343
1472746023600766981
1472746023286046722
1472746023030177794
1472746022879252486
1472746022606540802
1472746022564765702
1472746022535368706
1472746022141112329
1472746021843255303
1472746021545381888
1472746021406969856
1472746021088288772
1472746020752834566
1472746020480167939
1472746019720941573
1472746019670863874
1472746019238686725
1472746019146252288
1472746019070877699
1472746018471096329
1472746018404020233
1472746017477038088
1472746017472884737
1472746017346899968
1472746017288339458
1472746017103613952
1472746017087012869
1472746016927531010
1472746016759812100
1472746016705232899
1472746016470454275
1472746016420020224
1472746016302579720
1472746016227184642
1472746015937630208
1472746015899873282
1472746015841161219
1472746015555866624
1472746015371546630
1472746014926852100
1472746014587117570
1472746014553649158
1472746013974831108
1472746013664415744
1472746013211299840
1472746013169496066
1472746012783661056
1472746012766785538
1472746012192108546
1472746012099985408
1472746011734937601
1472746011445633028
1472746011303030784
1472746010996887554
1472746010845667328
1472746010657099779
1472746010544082944
1472746140839854082
1472746140600836099
1472746140546306052
1472746140336472070
1472746140286308357
1472746140118487042
1472746139992657923
1472746139732647940
1472746139636142080
1472746139330002945
1472746139149647872
1472746139011059712
1472746138709155842
1472746138621124608
1472746138491052034
1472746138356830210
1472746138013171715
1472746137828225027
1472746137635500050
1472746137585078274
1472746137543086083
1472746137534832644
1472746137429757955
1472746137283088390
1472746137077485571
1472746137069178884
1472746136867848197
1472746136670777344
1472746136150548484
1472746135433498629
1472746135341178883
1472746135303430152
1472746135278215168
1472746135181660161
1472746134871412737
1472746134825316357
1472746134808506376
1472746133948665858
1472746133902397444
1472746133331996675
1472746133248221186
1472746133147561984
1472746132363087874
1472746132279377925
1472746132178673665
1472746131901669383
1472746131834744838
1472746131721527297
1472746131696197632
1472746131394203648
1472746131260153862
1472746130974806019
1472746130953936898
1472746130916003841
1472746130866065409
1472746130811375618
1472746130731638785
1472746130723295237
1472746130463240193
1472746130383548422
1472746130244980737
1472746130228146179
1472746130173747204
1472746130026872833
1472746129880227840
1472746129402081282
1472746129083092993
1472746129070727170
1472746128521134082
1472746128068202498
1472746127774605319
1472746127518744579
1472746126763859970
1472746126377893888
1472746126310785024
1472746126050828291
1472746126033907713
1472746125731979270
1472746125715202052
1472746125685895171
1472746125669146630
1472746125409062914
1472746125308219392
1472746124884725760
1472746124557565954
1472746124037345281
1472746123718627329
1472746123706048516
1472746123592974339
1472746123571781632
1472746123328634882
1472746123248869376
1472746123202867201
1472746123190325250
1472746123001487360
1472746122649112582
1472746121860554755
1472746121701335045
1472746120539430918
1472746120497483777
